#
# Sample walk file (143 steps)
#
# Each line defines one walker step as (x,y) cell coordinates
#

0 1
1 1
1 2
1 3
1 4
1 5
1 6
1 7
2 7
3 7
3 8
3 9
4 9
5 9
5 10
5 11
5 12
5 13
5 14
5 15
5 16
5 17
6 17
7 17
7 18
7 19
8 19
9 19
9 18
9 17
9 16
9 15
9 14
9 13
10 13
11 13
11 12
11 11
12 11
13 11
13 10
13 9
12 9
11 9
11 8
11 7
11 6
11 5
11 4
11 3
12 3
13 3
13 2
13 1
14 1
15 1
16 1
17 1
17 2
17 3
17 4
17 5
17 6
17 7
18 7
19 7
19 6
19 5
20 5
21 5
22 5
23 5
23 4
23 3
24 3
25 3
25 4
25 5
25 6
25 7
24 7
23 7
23 8
23 9
24 9
25 9
25 10
25 11
26 11
27 11
27 12
27 13
26 13
25 13
25 14
25 15
24 15
23 15
23 16
23 17
22 17
21 17
21 18
21 19
22 19
23 19
23 20
23 21
24 21
25 21
26 21
27 21
28 21
29 21
29 22
29 23
29 24
29 25
29 26
29 27
29 28
29 29
30 29
31 29
31 30
31 31
32 31
33 31
34 31
35 31
35 32
35 33
35 34
35 35
35 36
35 37
36 37
37 37
37 38
37 39
38 39
39 39
40 39