#
# Sample walk file (537 steps)
#
# Each line defines one walker step as (x,y) cell coordinates
#

0 1
1 1
2 1
3 1
3 2
3 3
3 4
3 5
3 6
3 7
4 7
5 7
5 8
5 9
5 10
5 11
6 11
7 11
8 11
9 11
10 11
11 11
11 10
11 9
12 9
13 9
14 9
15 9
16 9
17 9
18 9
19 9
19 10
19 11
19 12
19 13
19 14
19 15
20 15
21 15
21 16
21 17
21 18
21 19
21 20
21 21
21 22
21 23
21 24
21 25
21 26
21 27
21 28
21 29
21 30
21 31
20 31
19 31
19 32
19 33
19 34
19 35
19 36
19 37
19 38
19 39
19 40
19 41
19 42
19 43
19 44
19 45
19 46
19 47
20 47
21 47
22 47
23 47
24 47
25 47
26 47
27 47
27 46
27 45
28 45
29 45
30 45
31 45
31 46
31 47
30 47
29 47
29 48
29 49
29 50
29 51
28 51
27 51
27 52
27 53
28 53
29 53
29 54
29 55
28 55
27 55
27 56
27 57
28 57
29 57
29 58
29 59
28 59
27 59
27 60
27 61
27 62
27 63
28 63
29 63
29 64
29 65
28 65
27 65
27 66
27 67
27 68
27 69
28 69
29 69
30 69
31 69
32 69
33 69
34 69
35 69
36 69
37 69
38 69
39 69
39 70
39 71
38 71
37 71
37 72
37 73
38 73
39 73
40 73
41 73
41 74
41 75
42 75
43 75
44 75
45 75
46 75
47 75
48 75
49 75
50 75
51 75
52 75
53 75
53 76
53 77
53 78
53 79
53 80
53 81
53 82
53 83
54 83
55 83
56 83
57 83
58 83
59 83
60 83
61 83
62 83
63 83
64 83
65 83
66 83
67 83
67 82
67 81
68 81
69 81
70 81
71 81
72 81
73 81
73 80
73 79
74 79
75 79
76 79
77 79
77 78
77 77
78 77
79 77
80 77
81 77
81 76
81 75
82 75
83 75
83 76
83 77
83 78
83 79
83 80
83 81
83 82
83 83
84 83
85 83
85 82
85 81
85 80
85 79
85 78
85 77
85 76
85 75
85 74
85 73
86 73
87 73
88 73
89 73
89 74
89 75
90 75
91 75
91 74
91 73
91 72
91 71
91 70
91 69
90 69
89 69
89 68
89 67
89 66
89 65
90 65
91 65
91 64
91 63
91 62
91 61
91 60
91 59
92 59
93 59
94 59
95 59
96 59
97 59
98 59
99 59
100 59
101 59
102 59
103 59
104 59
105 59
105 58
105 57
105 56
105 55
104 55
103 55
103 54
103 53
102 53
101 53
100 53
99 53
98 53
97 53
96 53
95 53
95 52
95 51
95 50
95 49
96 49
97 49
97 48
97 47
97 46
97 45
98 45
99 45
99 46
99 47
100 47
101 47
101 46
101 45
102 45
103 45
104 45
105 45
105 44
105 43
106 43
107 43
108 43
109 43
109 42
109 41
110 41
111 41
111 40
111 39
112 39
113 39
114 39
115 39
115 38
115 37
115 36
115 35
114 35
113 35
112 35
111 35
111 34
111 33
110 33
109 33
109 32
109 31
109 30
109 29
110 29
111 29
112 29
113 29
114 29
115 29
116 29
117 29
117 28
117 27
118 27
119 27
120 27
121 27
122 27
123 27
123 28
123 29
123 30
123 31
124 31
125 31
125 30
125 29
125 28
125 27
126 27
127 27
128 27
129 27
129 26
129 25
130 25
131 25
131 26
131 27
132 27
133 27
133 28
133 29
133 30
133 31
132 31
131 31
131 32
131 33
132 33
133 33
133 34
133 35
133 36
133 37
133 38
133 39
133 40
133 41
134 41
135 41
135 42
135 43
136 43
137 43
137 44
137 45
138 45
139 45
140 45
141 45
141 46
141 47
141 48
141 49
141 50
141 51
141 52
141 53
141 54
141 55
140 55
139 55
138 55
137 55
137 56
137 57
136 57
135 57
135 58
135 59
134 59
133 59
133 58
133 57
132 57
131 57
130 57
129 57
129 58
129 59
128 59
127 59
127 60
127 61
127 62
127 63
127 64
127 65
128 65
129 65
130 65
131 65
132 65
133 65
134 65
135 65
136 65
137 65
138 65
139 65
140 65
141 65
142 65
143 65
144 65
145 65
145 64
145 63
144 63
143 63
143 62
143 61
142 61
141 61
141 60
141 59
142 59
143 59
144 59
145 59
145 60
145 61
146 61
147 61
147 60
147 59
148 59
149 59
149 60
149 61
149 62
149 63
150 63
151 63
151 64
151 65
152 65
153 65
153 66
153 67
153 68
153 69
153 70
153 71
153 72
153 73
154 73
155 73
155 74
155 75
156 75
157 75
157 76
157 77
156 77
155 77
154 77
153 77
153 78
153 79
154 79
155 79
155 80
155 81
155 82
155 83
155 84
155 85
156 85
157 85
157 86
157 87
158 87
159 87
159 88
159 89
160 89